ODOM, 0.0,0.0,0.0
ODOM, 0.0,0.0,0.0
ODOM, 0.0,0.0,0.0
ODOM, 0.0,0.0,0.0
ODOM, 0.0,0.0,0.0
ODOM, 0.0,0.0,0.0
ODOM, 0.0,0.0,0.0
ODOM, 0.0,0.0,0.0
ODOM, 0.0,0.0,0.0
ODOM, 0.0,0.0,0.0
ODOM, 0.0,0.0,0.0
ODOM, 0.0,0.0,0.0
ODOM, 0.0,0.0,0.0
ODOM, 0.0,0.0,0.0
ODOM, 0.0,0.0,0.0
ODOM, 0.0,0.0,0.0
ODOM, 0.0,0.0,0.0
ODOM, 0.0,0.0,0.0
ODOM, 0.0,0.0,0.0
ODOM, 0.0,0.0,0.0
ODOM, 0.0,0.0,0.0
ODOM, 0.0,0.0,0.0
ODOM, 0.0,0.0,0.0
ODOM, 0.0,0.0,0.0
ODOM, 0.0,0.0,0.0
ODOM, 0.0,0.0,0.0
ODOM, 0.0,0.0,0.0
ODOM, 0.0,0.0,0.0
ODOM, 0.0,0.0,0.0
ODOM, 0.0,0.0,0.0
ODOM, 0.0,0.0,0.0
ODOM, 0.0,0.0,0.0
ODOM, 0.0,0.0,0.0
ODOM, 0.0,0.0,0.0
ODOM, 0.000891309818571,-0.00118313959751,-0.00314650993036
ODOM, 0.00319479208939,-0.00897328602874,0.0251119035257
ODOM, -0.0025285426245,-0.0219590402229,0.188852232169
ODOM, -0.0034068082905,-0.0450958866581,0.321061161968
ODOM, 0.000996786092515,-0.0577849897849,0.516917680767
ODOM, 0.0116979940326,-0.0651730338016,0.709399699941
ODOM, 0.0163219554015,-0.0712843729417,0.763310190167
ODOM, 0.0220630021279,-0.0823668299006,0.80876715701
ODOM, 0.0267370432417,-0.0932519053328,0.836220931481
ODOM, 0.0310059939329,-0.101755808792,0.854752592007
ODOM, 0.0368378745024,-0.111197454961,0.87481626163
ODOM, 0.039195367622,-0.114507692848,0.884734802839
ODOM, 0.0436283566574,-0.118762088316,0.906056870848
ODOM, 0.0457416432324,-0.120858737449,0.917540790788
WAYPOINT, 0.0276131921773,0.878638393981,0.891524574193
ODOM, 0.048939993965,-0.122852990961,0.9317753784
WAYPOINT, 0.0276131921773,0.878638393981,0.891524574193
WAYPOINT, 0.0276131921773,0.878638393981,0.891524574193
ODOM, 0.0552892311186,-0.124127828889,0.948777399814
WAYPOINT, 0.0276131921773,0.878638393981,0.891524574193
WAYPOINT, 0.0276131921773,0.878638393981,0.891524574193
ODOM, 0.0598719833712,-0.123673711499,0.957655505291
WAYPOINT, 0.0276131921773,0.878638393981,0.891524574193
WAYPOINT, 0.0276131921773,0.878638393981,0.891524574193
ODOM, 0.071757481237,-0.120217045112,0.970146944668
WAYPOINT, 0.0276131921773,0.878638393981,0.891524574193
WAYPOINT, 0.0276131921773,0.878638393981,0.891524574193
ODOM, 0.0787190444432,-0.116818732961,0.97662202395
WAYPOINT, 0.0276131921773,0.878638393981,0.891524574193
ODOM, 0.0904087883209,-0.108736149588,0.980702136153
WAYPOINT, 0.0276131921773,0.878638393981,0.891524574193
WAYPOINT, 0.0276131921773,0.878638393981,0.891524574193
WAYPOINT, 0.0276131921773,0.878638393981,0.891524574193
ODOM, 0.108599765214,-0.0915266135604,0.989749657477
WAYPOINT, 0.0276131921773,0.878638393981,0.891524574193
ODOM, 0.117367097474,-0.0776654721834,0.995152565061
WAYPOINT, 0.0276131921773,0.878638393981,0.891524574193
WAYPOINT, 0.0276131921773,0.878638393981,0.891524574193
WAYPOINT, 0.0276131921773,0.878638393981,0.891524574193
ODOM, 0.131199122395,-0.0437907230071,1.00008491567
WAYPOINT, 0.0276131921773,0.878638393981,0.891524574193
ODOM, 0.137521787452,-0.0208927590551,1.00017856685
WAYPOINT, 0.0276131921773,0.878638393981,0.891524574193
WAYPOINT, 0.0276131921773,0.878638393981,0.891524574193
ODOM, 0.144972206361,0.0196083000708,1.00020766306
WAYPOINT, 0.0276131921773,0.878638393981,0.891524574193
WAYPOINT, 0.0276131921773,0.878638393981,0.891524574193
WAYPOINT, 0.0276131921773,0.878638393981,0.891524574193
ODOM, 0.153759837475,0.0858474492422,1.00321504524
WAYPOINT, 0.0276131921773,0.878638393981,0.891524574193
ODOM, 0.15762822922,0.124520729734,1.00282636127
WAYPOINT, 0.0276131921773,0.878638393981,0.891524574193
WAYPOINT, 0.0276131921773,0.878638393981,0.891524574193
ODOM, 0.164242588963,0.213036315696,1.00347348522
WAYPOINT, 0.0276131921773,0.878638393981,0.891524574193
WAYPOINT, 0.0276131921773,0.878638393981,0.891524574193
ODOM, 0.166883661169,0.261845270397,1.00515668412
WAYPOINT, 0.0276131921773,0.878638393981,0.891524574193
ODOM, 0.170862859347,0.333861727854,0.996096628943
WAYPOINT, 0.0276131921773,0.878638393981,0.891524574193
WAYPOINT, 0.0276131921773,0.878638393981,0.891524574193
WAYPOINT, 0.0276131921773,0.878638393981,0.891524574193
ODOM, 0.174840662917,0.430905651461,0.985249847723
WAYPOINT, 0.0276131921773,0.878638393981,0.891524574193
ODOM, 0.176603657144,0.477911403532,0.979862794455
WAYPOINT, 0.0276131921773,0.878638393981,0.891524574193
WAYPOINT, 0.0276131921773,0.878638393981,0.891524574193
WAYPOINT, 0.0276131921773,0.878638393981,0.891524574193
ODOM, 0.179086672307,0.564843140744,0.976106070463
WAYPOINT, 0.0276131921773,0.878638393981,0.891524574193
ODOM, 0.180083746901,0.595636764512,0.971532871402
WAYPOINT, 0.0276131921773,0.878638393981,0.891524574193
WAYPOINT, 0.0276131921773,0.878638393981,0.891524574193
ODOM, 0.181317306469,0.639039279508,0.966010255847
WAYPOINT, 0.0276131921773,0.878638393981,0.891524574193
WAYPOINT, 0.0276131921773,0.878638393981,0.891524574193
ODOM, 0.182136965819,0.689741857171,0.96059179515
WAYPOINT, 0.0276131921773,0.878638393981,0.891524574193
WAYPOINT, 0.0276131921773,0.878638393981,0.891524574193
ODOM, 0.182231250274,0.714725472483,0.957971573838
WAYPOINT, 0.0276131921773,0.878638393981,0.891524574193
WAYPOINT, 0.0276131921773,0.878638393981,0.891524574193
ODOM, 0.181029819337,0.760929106987,0.953659652177
WAYPOINT, 0.0276131921773,0.878638393981,0.891524574193
ODOM, 0.180146220712,0.783045321714,0.95025331626
WAYPOINT, 0.0276131921773,0.878638393981,0.891524574193
WAYPOINT, 0.0276131921773,0.878638393981,0.891524574193
ODOM, 0.178490137384,0.81736362799,0.947196569363
WAYPOINT, 0.0276131921773,0.878638393981,0.891524574193
WAYPOINT, 0.0276131921773,0.878638393981,0.891524574193
WAYPOINT, 0.0276131921773,0.878638393981,0.891524574193
ODOM, 0.175549343359,0.861330439883,0.94053270177
WAYPOINT, 0.0276131921773,0.878638393981,0.891524574193
ODOM, 0.173842104844,0.882291712569,0.937099001458
WAYPOINT, 0.0276131921773,0.878638393981,0.891524574193
WAYPOINT, 0.0276131921773,0.878638393981,0.891524574193
WAYPOINT, 0.0276131921773,0.878638393981,0.891524574193
ODOM, 0.169434873677,0.925772676814,0.930492339947
WAYPOINT, 0.0276131921773,0.878638393981,0.891524574193
ODOM, 0.166463625064,0.947719048398,0.927337802401
WAYPOINT, 0.0276131921773,0.878638393981,0.891524574193
WAYPOINT, 0.0276131921773,0.878638393981,0.891524574193
ODOM, 0.161254323151,0.980601154619,0.923003032432
WAYPOINT, 0.0276131921773,0.878638393981,0.891524574193
WAYPOINT, 0.0276131921773,0.878638393981,0.891524574193
ODOM, 0.153320257483,1.02179742033,0.914906006682
WAYPOINT, 0.0276131921773,0.878638393981,0.891524574193
ODOM, 0.149228337719,1.04014102107,0.912761197319
WAYPOINT, 0.0276131921773,0.878638393981,0.891524574193
WAYPOINT, 0.0276131921773,0.878638393981,0.891524574193
WAYPOINT, 0.0276131921773,0.878638393981,0.891524574193
ODOM, 0.140838817147,1.07613049101,0.91156119027
WAYPOINT, 0.0276131921773,0.878638393981,0.891524574193
WAYPOINT, 0.0276131921773,0.878638393981,0.891524574193
ODOM, 0.134619518033,1.10186114543,0.916911131058
WAYPOINT, 0.0276131921773,0.878638393981,0.891524574193
WAYPOINT, 0.0276131921773,0.878638393981,0.891524574193
ODOM, 0.127149444355,1.12746566771,0.908920236427
WAYPOINT, 0.0276131921773,0.878638393981,0.891524574193
WAYPOINT, 0.0276131921773,0.878638393981,0.891524574193
ODOM, 0.118724249993,1.15180198413,0.903094002529
WAYPOINT, 0.0276131921773,0.878638393981,0.891524574193
ODOM, 0.112571566195,1.16741397548,0.901532542318
WAYPOINT, 0.0276131921773,0.878638393981,0.891524574193
WAYPOINT, 0.0276131921773,0.878638393981,0.891524574193
WAYPOINT, 0.0276131921773,0.878638393981,0.891524574193
ODOM, 0.100721432995,1.19780289866,0.904615343398
WAYPOINT, 0.0276131921773,0.878638393981,0.891524574193
ODOM, 0.0952247116294,1.21151998453,0.902078742021
WAYPOINT, 0.0276131921773,0.878638393981,0.891524574193
WAYPOINT, 0.0276131921773,0.878638393981,0.891524574193
ODOM, 0.0866954903275,1.22935170151,0.910698424989
WAYPOINT, 0.0276131921773,0.878638393981,0.891524574193
WAYPOINT, 0.0276131921773,0.878638393981,0.891524574193
ODOM, 0.07545138077,1.25112069758,0.905323514897
WAYPOINT, 0.0276131921773,0.878638393981,0.891524574193
WAYPOINT, 0.0276131921773,0.878638393981,0.891524574193
ODOM, 0.069960913356,1.26051327334,0.90380608611
WAYPOINT, 0.0276131921773,0.878638393981,0.891524574193
WAYPOINT, 0.0276131921773,0.878638393981,0.891524574193
ODOM, 0.058345583314,1.27813536756,0.91171989344
WAYPOINT, 0.0276131921773,0.878638393981,0.891524574193
WAYPOINT, 0.0276131921773,0.878638393981,0.891524574193
ODOM, 0.0512022667532,1.28921042788,0.91627180574
WAYPOINT, 0.0276131921773,0.878638393981,0.891524574193
WAYPOINT, 0.0276131921773,0.878638393981,0.891524574193
ODOM, 0.044404832822,1.29897019612,0.914218260615
WAYPOINT, 0.0276131921773,0.878638393981,0.891524574193
WAYPOINT, 0.0276131921773,0.878638393981,0.891524574193
ODOM, 0.0379256933627,1.30912354427,0.908446884529
WAYPOINT, 0.0276131921773,0.878638393981,0.891524574193
WAYPOINT, 0.0276131921773,0.878638393981,0.891524574193
ODOM, 0.0328555716926,1.31781228381,0.906113108095
WAYPOINT, 0.0276131921773,0.878638393981,0.891524574193
ODOM, 0.0276042830467,1.32497293736,0.907530934177
WAYPOINT, 0.0276131921773,0.878638393981,0.891524574193
WAYPOINT, 0.0276131921773,0.878638393981,0.891524574193
ODOM, 0.0224077343835,1.33103682527,0.914251884235
WAYPOINT, 0.0276131921773,0.878638393981,0.891524574193
WAYPOINT, 0.0276131921773,0.878638393981,0.891524574193
ODOM, 0.017071594867,1.33630842039,0.911910557104
WAYPOINT, 0.0276131921773,0.878638393981,0.891524574193
WAYPOINT, 0.0276131921773,0.878638393981,0.891524574193
ODOM, 0.0108218183,1.34160276352,0.912826958162
WAYPOINT, 0.0276131921773,0.878638393981,0.891524574193
WAYPOINT, 0.0276131921773,0.878638393981,0.891524574193
ODOM, 0.00547886211953,1.34485572446,0.915887889936
WAYPOINT, 0.0276131921773,0.878638393981,0.891524574193
WAYPOINT, 0.0276131921773,0.878638393981,0.891524574193
ODOM, 0.000276373073087,1.34577821425,0.91669765802
WAYPOINT, 0.0276131921773,0.878638393981,0.891524574193
WAYPOINT, 0.0276131921773,0.878638393981,0.891524574193
ODOM, -0.00469009792703,1.34509027899,0.919349884702
WAYPOINT, 0.0276131921773,0.878638393981,0.891524574193
WAYPOINT, 0.0276131921773,0.878638393981,0.891524574193
ODOM, -0.0089128546505,1.34209794733,0.920735683036
WAYPOINT, 0.0276131921773,0.878638393981,0.891524574193
ODOM, -0.0128088853235,1.33838257051,0.916190119916
WAYPOINT, 0.0276131921773,0.878638393981,0.891524574193
WAYPOINT, 0.0276131921773,0.878638393981,0.891524574193
ODOM, -0.0169373940571,1.33398728978,0.911632153554
WAYPOINT, 0.0276131921773,0.878638393981,0.891524574193
WAYPOINT, 0.0276131921773,0.878638393981,0.891524574193
ODOM, -0.0209038748478,1.32861938274,0.912485072154
WAYPOINT, 0.0276131921773,0.878638393981,0.891524574193
WAYPOINT, 0.0276131921773,0.878638393981,0.891524574193
ODOM, -0.0245942485901,1.3231858265,0.910653091778
WAYPOINT, 0.0276131921773,0.878638393981,0.891524574193
WAYPOINT, 0.0276131921773,0.878638393981,0.891524574193
ODOM, -0.0280702059704,1.3173816049,0.912265680531
WAYPOINT, 0.0276131921773,0.878638393981,0.891524574193
WAYPOINT, 0.0276131921773,0.878638393981,0.891524574193
ODOM, -0.0315895612755,1.31183517777,0.911934019231
WAYPOINT, 0.0276131921773,0.878638393981,0.891524574193
WAYPOINT, 0.0276131921773,0.878638393981,0.891524574193
ODOM, -0.0344151798665,1.30560297846,0.914752433663
WAYPOINT, 0.0276131921773,0.878638393981,0.891524574193
WAYPOINT, 0.0276131921773,0.878638393981,0.891524574193
ODOM, -0.037095777901,1.29738064919,0.91036592939
WAYPOINT, 0.0276131921773,0.878638393981,0.891524574193
ODOM, -0.0391350954455,1.29029514256,0.908617360203
WAYPOINT, 0.0276131921773,0.878638393981,0.891524574193
WAYPOINT, 0.0276131921773,0.878638393981,0.891524574193
ODOM, -0.041618889644,1.28273472642,0.912383663186
WAYPOINT, 0.0276131921773,0.878638393981,0.891524574193
WAYPOINT, 0.0276131921773,0.878638393981,0.891524574193
ODOM, -0.0444340545655,1.27469045843,0.909736280331
WAYPOINT, 0.0276131921773,0.878638393981,0.891524574193
WAYPOINT, 0.0276131921773,0.878638393981,0.891524574193
ODOM, -0.0471327935524,1.26739749967,0.909649370105
WAYPOINT, 0.0276131921773,0.878638393981,0.891524574193
WAYPOINT, 0.0276131921773,0.878638393981,0.891524574193
ODOM, -0.0495142327484,1.26000002271,0.912858894198
WAYPOINT, 0.0276131921773,0.878638393981,0.891524574193
WAYPOINT, 0.0276131921773,0.878638393981,0.891524574193
ODOM, -0.051710378705,1.25285930247,0.909570248538
WAYPOINT, 0.0276131921773,0.878638393981,0.891524574193
WAYPOINT, 0.0276131921773,0.878638393981,0.891524574193
WAYPOINT, 0.0276131921773,0.878638393981,0.891524574193
WAYPOINT, 0.0276131921773,0.878638393981,0.891524574193
WAYPOINT, 0.0276131921773,0.878638393981,0.891524574193
WAYPOINT, 0.0276131921773,0.878638393981,0.891524574193
WAYPOINT, 0.0276131921773,0.878638393981,0.891524574193
ODOM, -0.0609532542174,1.22191717865,0.910600684396
ODOM, -0.0617861239781,1.2190970954,0.909788285106
WAYPOINT, 0.0276131921773,0.878638393981,0.891524574193
WAYPOINT, 0.0276131921773,0.878638393981,0.891524574193
ODOM, -0.0636520880859,1.21305858102,0.911244252482
ODOM, -0.0643412849786,1.20956300172,0.911232545802
WAYPOINT, 0.0276131921773,0.878638393981,0.891524574193
WAYPOINT, 0.0276131921773,0.878638393981,0.891524574193
ODOM, -0.0656248480022,1.20100008207,0.914038077703
WAYPOINT, 0.0276131921773,0.878638393981,0.891524574193
WAYPOINT, 0.0276131921773,0.878638393981,0.891524574193
ODOM, -0.0679021719602,1.1838941667,0.916799254731
WAYPOINT, 0.0276131921773,0.878638393981,0.891524574193
WAYPOINT, 0.0276131921773,0.878638393981,0.891524574193
ODOM, -0.0692488221485,1.17201005216,0.91662043778
WAYPOINT, 0.0276131921773,0.878638393981,0.891524574193
WAYPOINT, 0.0276131921773,0.878638393981,0.891524574193
ODOM, -0.0701457208344,1.160384785,0.912137592516
WAYPOINT, 0.0276131921773,0.878638393981,0.891524574193
WAYPOINT, 0.0276131921773,0.878638393981,0.891524574193
ODOM, -0.0709263824192,1.14787383874,0.913721226456
WAYPOINT, 0.0276131921773,0.878638393981,0.891524574193
WAYPOINT, 0.0276131921773,0.878638393981,0.891524574193
ODOM, -0.0721312117582,1.13674273245,0.914576997434
WAYPOINT, 0.0276131921773,0.878638393981,0.891524574193
WAYPOINT, 0.0276131921773,0.878638393981,0.891524574193
WAYPOINT, 0.0276131921773,0.878638393981,0.891524574193
ODOM, -0.0731422199076,1.11579574264,0.919570157108
WAYPOINT, 0.0276131921773,0.878638393981,0.891524574193
WAYPOINT, 0.0276131921773,0.878638393981,0.891524574193
ODOM, -0.0734746104778,1.0999907483,0.919219444123
WAYPOINT, 0.0276131921773,0.878638393981,0.891524574193
WAYPOINT, 0.0276131921773,0.878638393981,0.891524574193
ODOM, -0.0741065940245,1.08829709369,0.921335841332
WAYPOINT, 0.0276131921773,0.878638393981,0.891524574193
WAYPOINT, 0.0276131921773,0.878638393981,0.891524574193
ODOM, -0.0750828510368,1.07757489711,0.920611879129
WAYPOINT, 0.0276131921773,0.878638393981,0.891524574193
WAYPOINT, 0.0276131921773,0.878638393981,0.891524574193
ODOM, -0.0761912650138,1.0671309974,0.922419153868
WAYPOINT, 0.0276131921773,0.878638393981,0.891524574193
WAYPOINT, 0.0276131921773,0.878638393981,0.891524574193
ODOM, -0.0770419137177,1.05661761431,0.921913383487
WAYPOINT, 0.0276131921773,0.878638393981,0.891524574193
WAYPOINT, 0.0276131921773,0.878638393981,0.891524574193
ODOM, -0.0780472104814,1.04636223974,0.918145720321
WAYPOINT, 0.0276131921773,0.878638393981,0.891524574193
ODOM, -0.0789091599865,1.03595696583,0.920017374292
WAYPOINT, 0.0276131921773,0.878638393981,0.891524574193
WAYPOINT, 0.0276131921773,0.878638393981,0.891524574193
ODOM, -0.0791084936136,1.02570646839,0.918180908621
WAYPOINT, 0.0276131921773,0.878638393981,0.891524574193
WAYPOINT, 0.0276131921773,0.878638393981,0.891524574193
ODOM, -0.0789471113213,1.01606777034,0.913586578387
WAYPOINT, 0.0276131921773,0.878638393981,0.891524574193
WAYPOINT, 0.0276131921773,0.878638393981,0.891524574193
ODOM, -0.0790759193755,1.00762306717,0.909459438559
WAYPOINT, 0.0276131921773,0.878638393981,0.891524574193
WAYPOINT, 0.0276131921773,0.878638393981,0.891524574193
ODOM, -0.0795101586043,0.999978544816,0.906420994008
WAYPOINT, 0.0276131921773,0.878638393981,0.891524574193
WAYPOINT, 0.0276131921773,0.878638393981,0.891524574193
ODOM, -0.079622414553,0.992520374291,0.910281314009
WAYPOINT, 0.0276131921773,0.878638393981,0.891524574193
WAYPOINT, 0.0276131921773,0.878638393981,0.891524574193
ODOM, -0.079359399784,0.985636368652,0.910583276214
WAYPOINT, 0.0276131921773,0.878638393981,0.891524574193
WAYPOINT, 0.0276131921773,0.878638393981,0.891524574193
ODOM, -0.0788917077719,0.979155454192,0.900845585897
WAYPOINT, 0.0276131921773,0.878638393981,0.891524574193
ODOM, -0.0791305215436,0.974124816879,0.898366429701
WAYPOINT, 0.617552170275,0.701312116567,1.00161104695
WAYPOINT, 0.617552170275,0.701312116567,1.00161104695
ODOM, -0.078633444273,0.969709899676,0.905211431089
WAYPOINT, 0.617552170275,0.701312116567,1.00161104695
WAYPOINT, 0.617552170275,0.701312116567,1.00161104695
ODOM, -0.0738813483883,0.965476721952,0.912047474188
WAYPOINT, 0.617552170275,0.701312116567,1.00161104695
WAYPOINT, 0.617552170275,0.701312116567,1.00161104695
ODOM, -0.0638017880641,0.960445130812,0.924934153149
WAYPOINT, 0.617552170275,0.701312116567,1.00161104695
WAYPOINT, 0.617552170275,0.701312116567,1.00161104695
ODOM, -0.0500897599062,0.954392352863,0.939729674395
WAYPOINT, 0.617552170275,0.701312116567,1.00161104695
WAYPOINT, 0.617552170275,0.701312116567,1.00161104695
ODOM, -0.0337826604382,0.947666601322,0.950091422359
WAYPOINT, 0.617552170275,0.701312116567,1.00161104695
WAYPOINT, 0.617552170275,0.701312116567,1.00161104695
ODOM, -0.0124826277068,0.939880464839,0.953529291326
WAYPOINT, 0.617552170275,0.701312116567,1.00161104695
ODOM, 0.0137043539499,0.931949340494,0.961841615436
WAYPOINT, 0.617552170275,0.701312116567,1.00161104695
WAYPOINT, 0.617552170275,0.701312116567,1.00161104695
ODOM, 0.0432861145648,0.923859271143,0.967557611984
WAYPOINT, 0.617552170275,0.701312116567,1.00161104695
WAYPOINT, 0.617552170275,0.701312116567,1.00161104695
ODOM, 0.0778454143798,0.915635024775,0.971319259852
WAYPOINT, 0.617552170275,0.701312116567,1.00161104695
WAYPOINT, 0.617552170275,0.701312116567,1.00161104695
ODOM, 0.113117872888,0.908642058169,0.980749449016
WAYPOINT, 0.617552170275,0.701312116567,1.00161104695
WAYPOINT, 0.617552170275,0.701312116567,1.00161104695
ODOM, 0.154449608488,0.901908887688,0.990121706425
WAYPOINT, 0.617552170275,0.701312116567,1.00161104695
WAYPOINT, 0.617552170275,0.701312116567,1.00161104695
ODOM, 0.197211415405,0.893991359798,0.99407985628
WAYPOINT, 0.617552170275,0.701312116567,1.00161104695
WAYPOINT, 0.617552170275,0.701312116567,1.00161104695
ODOM, 0.236745925351,0.886063882912,0.996199126344
WAYPOINT, 0.617552170275,0.701312116567,1.00161104695
WAYPOINT, 0.617552170275,0.701312116567,1.00161104695
ODOM, 0.274699710831,0.877994118483,1.00256565919
WAYPOINT, 0.617552170275,0.701312116567,1.00161104695
ODOM, 0.308583081787,0.870284836971,1.0090153697
WAYPOINT, 0.617552170275,0.701312116567,1.00161104695
WAYPOINT, 0.617552170275,0.701312116567,1.00161104695
ODOM, 0.340907732471,0.862181712836,1.00835939272
WAYPOINT, 0.617552170275,0.701312116567,1.00161104695
WAYPOINT, 0.617552170275,0.701312116567,1.00161104695
ODOM, 0.372616943781,0.853862431971,1.00991868685
WAYPOINT, 0.617552170275,0.701312116567,1.00161104695
WAYPOINT, 0.617552170275,0.701312116567,1.00161104695
ODOM, 0.404782192502,0.844513879414,1.00785364378
WAYPOINT, 0.617552170275,0.701312116567,1.00161104695
WAYPOINT, 0.617552170275,0.701312116567,1.00161104695
WAYPOINT, 0.617552170275,0.701312116567,1.00161104695
ODOM, 0.448120559307,0.833266295685,1.00894533186
WAYPOINT, 0.617552170275,0.701312116567,1.00161104695
ODOM, 0.470394673789,0.828134423532,1.00725912008
WAYPOINT, 0.617552170275,0.701312116567,1.00161104695
WAYPOINT, 0.617552170275,0.701312116567,1.00161104695
ODOM, 0.502779372516,0.819052532213,1.00941505099
WAYPOINT, 0.617552170275,0.701312116567,1.00161104695
WAYPOINT, 0.617552170275,0.701312116567,1.00161104695
ODOM, 0.5340212541,0.808707013497,1.00945538266
WAYPOINT, 0.617552170275,0.701312116567,1.00161104695
WAYPOINT, 0.988939810814,0.211238791671,1.11776178825
ODOM, 0.566298099097,0.796734841572,1.01002490483
WAYPOINT, 0.988939810814,0.211238791671,1.11776178825
ODOM, 0.592038941134,0.786011811751,1.01691514193
WAYPOINT, 0.988939810814,0.211238791671,1.11776178825
WAYPOINT, 0.988939810814,0.211238791671,1.11776178825
ODOM, 0.620067846755,0.770822994672,1.0228231859
WAYPOINT, 0.988939810814,0.211238791671,1.11776178825
WAYPOINT, 0.988939810814,0.211238791671,1.11776178825
ODOM, 0.648376555902,0.75283673448,1.02904898696
WAYPOINT, 0.988939810814,0.211238791671,1.11776178825
WAYPOINT, 0.988939810814,0.211238791671,1.11776178825
ODOM, 0.676603876855,0.733002056807,1.03285726313
WAYPOINT, 0.988939810814,0.211238791671,1.11776178825
WAYPOINT, 0.988939810814,0.211238791671,1.11776178825
ODOM, 0.702245439197,0.711352357481,1.03971628653
WAYPOINT, 0.988939810814,0.211238791671,1.11776178825
WAYPOINT, 0.988939810814,0.211238791671,1.11776178825
ODOM, 0.73613876533,0.679717269511,1.05255608698
WAYPOINT, 0.988939810814,0.211238791671,1.11776178825
WAYPOINT, 0.988939810814,0.211238791671,1.11776178825
ODOM, 0.751271403649,0.663765074433,1.05966906339
WAYPOINT, 0.988939810814,0.211238791671,1.11776178825
ODOM, 0.773967933958,0.638180347206,1.07047131939
WAYPOINT, 0.988939810814,0.211238791671,1.11776178825
WAYPOINT, 0.988939810814,0.211238791671,1.11776178825
ODOM, 0.796338147635,0.610003994297,1.07926994448
WAYPOINT, 0.988939810814,0.211238791671,1.11776178825
WAYPOINT, 0.988939810814,0.211238791671,1.11776178825
ODOM, 0.815594486465,0.583613741628,1.08655357148
WAYPOINT, 0.988939810814,0.211238791671,1.11776178825
WAYPOINT, 0.988939810814,0.211238791671,1.11776178825
WAYPOINT, 0.988939810814,0.211238791671,1.11776178825
ODOM, 0.837098141663,0.549848310295,1.09669185872
WAYPOINT, 0.988939810814,0.211238791671,1.11776178825
ODOM, 0.8470419366,0.531893966678,1.10028443897
WAYPOINT, 0.988939810814,0.211238791671,1.11776178825
WAYPOINT, 0.988939810814,0.211238791671,1.11776178825
ODOM, 0.860053891305,0.510018891027,1.10780175997
WAYPOINT, 0.988939810814,0.211238791671,1.11776178825
WAYPOINT, 0.988939810814,0.211238791671,1.11776178825
ODOM, 0.874364311285,0.489793922143,1.11162473964
WAYPOINT, 0.988939810814,0.211238791671,1.11776178825
WAYPOINT, 0.988939810814,0.211238791671,1.11776178825
ODOM, 0.887436437242,0.470788302474,1.12472239932
WAYPOINT, 0.988939810814,0.211238791671,1.11776178825
WAYPOINT, 0.988939810814,0.211238791671,1.11776178825
ODOM, 0.906653872667,0.443785874582,1.13326073729
WAYPOINT, 0.988939810814,0.211238791671,1.11776178825
WAYPOINT, 0.988939810814,0.211238791671,1.11776178825
ODOM, 0.915590554306,0.429221810311,1.13288851504
WAYPOINT, 0.988939810814,0.211238791671,1.11776178825
ODOM, 0.928698897687,0.406196572603,1.12873974189
WAYPOINT, 0.988939810814,0.211238791671,1.11776178825
WAYPOINT, 0.988939810814,0.211238791671,1.11776178825
ODOM, 0.94099807652,0.383287979032,1.1324668376
WAYPOINT, 0.988939810814,0.211238791671,1.11776178825
WAYPOINT, 0.988939810814,0.211238791671,1.11776178825
ODOM, 0.95207276276,0.362891692023,1.1271172426
WAYPOINT, 0.988939810814,0.211238791671,1.11776178825
WAYPOINT, 0.988939810814,0.211238791671,1.11776178825
WAYPOINT, 0.988939810814,0.211238791671,1.11776178825
ODOM, 0.967976466168,0.337924029011,1.13459205994
WAYPOINT, 0.988939810814,0.211238791671,1.11776178825
ODOM, 0.977571517504,0.32430469472,1.13257621288
WAYPOINT, 0.999704473796,-0.40358722247,1.23379942175
WAYPOINT, 0.999704473796,-0.40358722247,1.23379942175
ODOM, 0.991283834656,0.305234867109,1.13790222975
WAYPOINT, 0.999704473796,-0.40358722247,1.23379942175
WAYPOINT, 0.999704473796,-0.40358722247,1.23379942175
ODOM, 1.00512418008,0.280864832617,1.14170037079
WAYPOINT, 0.999704473796,-0.40358722247,1.23379942175
WAYPOINT, 0.999704473796,-0.40358722247,1.23379942175
ODOM, 1.01665966693,0.253877701386,1.13825111029
WAYPOINT, 0.999704473796,-0.40358722247,1.23379942175
WAYPOINT, 0.999704473796,-0.40358722247,1.23379942175
ODOM, 1.02904216531,0.212347353668,1.13940679149
WAYPOINT, 0.999704473796,-0.40358722247,1.23379942175
WAYPOINT, 0.999704473796,-0.40358722247,1.23379942175
ODOM, 1.03389499521,0.19177939664,1.14753499041
WAYPOINT, 0.999704473796,-0.40358722247,1.23379942175
ODOM, 1.04073336326,0.16314123953,1.1638968176
WAYPOINT, 0.999704473796,-0.40358722247,1.23379942175
WAYPOINT, 0.999704473796,-0.40358722247,1.23379942175
ODOM, 1.04657465621,0.135326301737,1.1792540475
WAYPOINT, 0.999704473796,-0.40358722247,1.23379942175
WAYPOINT, 0.999704473796,-0.40358722247,1.23379942175
ODOM, 1.05326304899,0.106385187287,1.19087274095
WAYPOINT, 0.999704473796,-0.40358722247,1.23379942175
WAYPOINT, 0.999704473796,-0.40358722247,1.23379942175
ODOM, 1.06178980806,0.0653827654267,1.20903467568
WAYPOINT, 0.999704473796,-0.40358722247,1.23379942175
WAYPOINT, 0.999704473796,-0.40358722247,1.23379942175
ODOM, 1.06591294552,0.0431067595538,1.2178889536
WAYPOINT, 0.999704473796,-0.40358722247,1.23379942175
WAYPOINT, 0.999704473796,-0.40358722247,1.23379942175
ODOM, 1.06997195984,0.00590236834443,1.2226899045
WAYPOINT, 0.999704473796,-0.40358722247,1.23379942175
WAYPOINT, 0.999704473796,-0.40358722247,1.23379942175
ODOM, 1.07302596896,-0.0274664816791,1.22537531541
WAYPOINT, 0.999704473796,-0.40358722247,1.23379942175
WAYPOINT, 0.999704473796,-0.40358722247,1.23379942175
ODOM, 1.07543360223,-0.0602602858621,1.22685500056
WAYPOINT, 0.999704473796,-0.40358722247,1.23379942175
WAYPOINT, 0.999704473796,-0.40358722247,1.23379942175
ODOM, 1.07851235377,-0.102881139432,1.22103689541
WAYPOINT, 0.999704473796,-0.40358722247,1.23379942175
ODOM, 1.08025733888,-0.121689162358,1.22081695921
WAYPOINT, 0.999704473796,-0.40358722247,1.23379942175
WAYPOINT, 0.999704473796,-0.40358722247,1.23379942175
ODOM, 1.08101958721,-0.149693872501,1.22187478359
WAYPOINT, 0.999704473796,-0.40358722247,1.23379942175
WAYPOINT, 0.999704473796,-0.40358722247,1.23379942175
ODOM, 1.08195374189,-0.175265436038,1.22507905859
WAYPOINT, 0.999704473796,-0.40358722247,1.23379942175
WAYPOINT, 0.999704473796,-0.40358722247,1.23379942175
ODOM, 1.08301828092,-0.199656591017,1.22447743853
WAYPOINT, 0.999704473796,-0.40358722247,1.23379942175
WAYPOINT, 0.999704473796,-0.40358722247,1.23379942175
ODOM, 1.08349942258,-0.229660311086,1.22544160452
WAYPOINT, 0.999704473796,-0.40358722247,1.23379942175
WAYPOINT, 0.999704473796,-0.40358722247,1.23379942175
ODOM, 1.08472695224,-0.242828607247,1.2265666995
WAYPOINT, 0.999704473796,-0.40358722247,1.23379942175
WAYPOINT, 0.999704473796,-0.40358722247,1.23379942175
ODOM, 1.08574575633,-0.261722555594,1.22787028006
WAYPOINT, 0.999704473796,-0.40358722247,1.23379942175
WAYPOINT, 0.999704473796,-0.40358722247,1.23379942175
ODOM, 1.08646291601,-0.282614923985,1.23023376087
WAYPOINT, 0.999704473796,-0.40358722247,1.23379942175
ODOM, 1.08843943435,-0.299891715857,1.23249618221
WAYPOINT, 0.645385231936,-0.907566984583,1.34358973213
WAYPOINT, 0.645385231936,-0.907566984583,1.34358973213
WAYPOINT, 0.645385231936,-0.907566984583,1.34358973213
ODOM, 1.09084653997,-0.319822021293,1.24901995685
WAYPOINT, 0.645385231936,-0.907566984583,1.34358973213
ODOM, 1.09035709108,-0.331426171802,1.26009126989
WAYPOINT, 0.645385231936,-0.907566984583,1.34358973213
WAYPOINT, 0.645385231936,-0.907566984583,1.34358973213
ODOM, 1.08773732019,-0.35310236599,1.27383408347
WAYPOINT, 0.645385231936,-0.907566984583,1.34358973213
WAYPOINT, 0.645385231936,-0.907566984583,1.34358973213
ODOM, 1.08099874626,-0.378216026284,1.28181494623
WAYPOINT, 0.645385231936,-0.907566984583,1.34358973213
WAYPOINT, 0.645385231936,-0.907566984583,1.34358973213
ODOM, 1.07208291258,-0.40256495208,1.28701260702
WAYPOINT, 0.645385231936,-0.907566984583,1.34358973213
WAYPOINT, 0.645385231936,-0.907566984583,1.34358973213
WAYPOINT, 0.645385231936,-0.907566984583,1.34358973213
WAYPOINT, 0.645385231936,-0.907566984583,1.34358973213
WAYPOINT, 0.645385231936,-0.907566984583,1.34358973213
WAYPOINT, 0.645385231936,-0.907566984583,1.34358973213
WAYPOINT, 0.645385231936,-0.907566984583,1.34358973213
ODOM, 1.03643804782,-0.501844145653,1.32508757245
WAYPOINT, 0.645385231936,-0.907566984583,1.34358973213
ODOM, 1.03027008757,-0.519604787611,1.33466441959
WAYPOINT, 0.645385231936,-0.907566984583,1.34358973213
ODOM, 1.02305741266,-0.534801081219,1.34065864497
WAYPOINT, 0.645385231936,-0.907566984583,1.34358973213
ODOM, 1.01785237916,-0.543399709499,1.3425954612
WAYPOINT, 0.645385231936,-0.907566984583,1.34358973213
WAYPOINT, 0.645385231936,-0.907566984583,1.34358973213
ODOM, 1.00054585293,-0.569563699823,1.34710544202
WAYPOINT, 0.645385231936,-0.907566984583,1.34358973213
ODOM, 0.986795791891,-0.586740731935,1.34567969538
WAYPOINT, 0.645385231936,-0.907566984583,1.34358973213
WAYPOINT, 0.645385231936,-0.907566984583,1.34358973213
ODOM, 0.962510174937,-0.613072972265,1.34376438852
WAYPOINT, 0.645385231936,-0.907566984583,1.34358973213
WAYPOINT, 0.645385231936,-0.907566984583,1.34358973213
ODOM, 0.941617217195,-0.637859859968,1.34665374392
WAYPOINT, 0.645385231936,-0.907566984583,1.34358973213
WAYPOINT, 0.645385231936,-0.907566984583,1.34358973213
ODOM, 0.922353288167,-0.660437435235,1.34790904882
WAYPOINT, 0.645385231936,-0.907566984583,1.34358973213
WAYPOINT, 0.645385231936,-0.907566984583,1.34358973213
ODOM, 0.894511994174,-0.69077904711,1.3516192771
WAYPOINT, 0.645385231936,-0.907566984583,1.34358973213
WAYPOINT, 0.645385231936,-0.907566984583,1.34358973213
ODOM, 0.88159688767,-0.706098313741,1.35584283074
WAYPOINT, 0.645385231936,-0.907566984583,1.34358973213
ODOM, 0.86287807563,-0.728418261946,1.36062020871
WAYPOINT, 0.645385231936,-0.907566984583,1.34358973213
WAYPOINT, 0.645385231936,-0.907566984583,1.34358973213
ODOM, 0.845198446825,-0.74883076557,1.36219238303
WAYPOINT, 0.645385231936,-0.907566984583,1.34358973213
WAYPOINT, 0.645385231936,-0.907566984583,1.34358973213
ODOM, 0.826811975813,-0.766820200659,1.36726765399
WAYPOINT, 0.645385231936,-0.907566984583,1.34358973213
WAYPOINT, 0.645385231936,-0.907566984583,1.34358973213
WAYPOINT, 0.645385231936,-0.907566984583,1.34358973213
ODOM, 0.800631750182,-0.793459958163,1.37534095617
WAYPOINT, 0.645385231936,-0.907566984583,1.34358973213
ODOM, 0.787725771171,-0.80741024458,1.37960116993
WAYPOINT, 0.645385231936,-0.907566984583,1.34358973213
WAYPOINT, 0.645385231936,-0.907566984583,1.34358973213
ODOM, 0.766569986836,-0.830538520769,1.38207597143
WAYPOINT, 0.645385231936,-0.907566984583,1.34358973213
WAYPOINT, 0.0608341232143,-1.10739955627,1.44338243029
ODOM, 0.744534622891,-0.848220035655,1.38911855047
WAYPOINT, 0.0608341232143,-1.10739955627,1.44338243029
WAYPOINT, 0.0608341232143,-1.10739955627,1.44338243029
ODOM, 0.721037744609,-0.862531300353,1.40186956883
WAYPOINT, 0.0608341232143,-1.10739955627,1.44338243029
WAYPOINT, 0.0608341232143,-1.10739955627,1.44338243029
ODOM, 0.685355021248,-0.880362441194,1.40732911425
WAYPOINT, 0.0608341232143,-1.10739955627,1.44338243029
WAYPOINT, 0.0608341232143,-1.10739955627,1.44338243029
ODOM, 0.665740868909,-0.889085374091,1.41122109811
WAYPOINT, 0.0608341232143,-1.10739955627,1.44338243029
WAYPOINT, 0.0608341232143,-1.10739955627,1.44338243029
ODOM, 0.619714438535,-0.907266278816,1.41437719747
WAYPOINT, 0.0608341232143,-1.10739955627,1.44338243029
ODOM, 0.597381231262,-0.914272650234,1.4139933085
WAYPOINT, 0.0608341232143,-1.10739955627,1.44338243029
WAYPOINT, 0.0608341232143,-1.10739955627,1.44338243029
ODOM, 0.557481320091,-0.92542382039,1.41230412194
WAYPOINT, 0.0608341232143,-1.10739955627,1.44338243029
WAYPOINT, 0.0608341232143,-1.10739955627,1.44338243029
WAYPOINT, 0.0608341232143,-1.10739955627,1.44338243029
ODOM, 0.503704934007,-0.939992203093,1.41645039138
WAYPOINT, 0.0608341232143,-1.10739955627,1.44338243029
ODOM, 0.479144973723,-0.945776926299,1.41703457894
WAYPOINT, 0.0608341232143,-1.10739955627,1.44338243029
WAYPOINT, 0.0608341232143,-1.10739955627,1.44338243029
WAYPOINT, 0.0608341232143,-1.10739955627,1.44338243029
ODOM, 0.429241167857,-0.957329222677,1.42379386959
WAYPOINT, 0.0608341232143,-1.10739955627,1.44338243029
ODOM, 0.406724992798,-0.962515219413,1.42570019323
WAYPOINT, 0.0608341232143,-1.10739955627,1.44338243029
WAYPOINT, 0.0608341232143,-1.10739955627,1.44338243029
ODOM, 0.377280812651,-0.969319720668,1.42771842543
WAYPOINT, 0.0608341232143,-1.10739955627,1.44338243029
WAYPOINT, 0.0608341232143,-1.10739955627,1.44338243029
ODOM, 0.342019578284,-0.976958078546,1.43778230998
WAYPOINT, 0.0608341232143,-1.10739955627,1.44338243029
ODOM, 0.323313723591,-0.982428708774,1.43890207041
WAYPOINT, 0.0608341232143,-1.10739955627,1.44338243029
WAYPOINT, 0.0608341232143,-1.10739955627,1.44338243029
ODOM, 0.295868831873,-0.990318968909,1.43523265692
WAYPOINT, 0.0608341232143,-1.10739955627,1.44338243029
WAYPOINT, 0.0608341232143,-1.10739955627,1.44338243029
ODOM, 0.269306680017,-0.99572911088,1.440189957
WAYPOINT, 0.0608341232143,-1.10739955627,1.44338243029
WAYPOINT, 0.0608341232143,-1.10739955627,1.44338243029
ODOM, 0.244160242225,-1.00131926369,1.44471306659
WAYPOINT, 0.0608341232143,-1.10739955627,1.44338243029
WAYPOINT, 0.0608341232143,-1.10739955627,1.44338243029
WAYPOINT, 0.0608341232143,-1.10739955627,1.44338243029
ODOM, 0.209949323077,-1.00663719621,1.45390394826
WAYPOINT, 0.0608341232143,-1.10739955627,1.44338243029
ODOM, 0.193359917551,-1.00849452073,1.45615554456
WAYPOINT, 0.0608341232143,-1.10739955627,1.44338243029
WAYPOINT, 0.0608341232143,-1.10739955627,1.44338243029
ODOM, 0.167556562891,-1.01273326321,1.45999370284
WAYPOINT, 0.0608341232143,-1.10739955627,1.44338243029
WAYPOINT, -0.531242259188,-0.925844023744,1.53324223239
ODOM, 0.145910279259,-1.01741964045,1.46184006809
WAYPOINT, -0.531242259188,-0.925844023744,1.53324223239
WAYPOINT, -0.531242259188,-0.925844023744,1.53324223239
ODOM, 0.127373681729,-1.02186228253,1.47252442029
WAYPOINT, -0.531242259188,-0.925844023744,1.53324223239
WAYPOINT, -0.531242259188,-0.925844023744,1.53324223239
ODOM, 0.0997674987624,-1.02523112698,1.48715404323
WAYPOINT, -0.531242259188,-0.925844023744,1.53324223239
ODOM, 0.0843364554952,-1.02569690641,1.49371625923
WAYPOINT, -0.531242259188,-0.925844023744,1.53324223239
WAYPOINT, -0.531242259188,-0.925844023744,1.53324223239
WAYPOINT, -0.531242259188,-0.925844023744,1.53324223239
ODOM, 0.0469299487391,-1.0234562827,1.49878731427
WAYPOINT, -0.531242259188,-0.925844023744,1.53324223239
ODOM, 0.0262666407613,-1.02146087674,1.49994187766
WAYPOINT, -0.531242259188,-0.925844023744,1.53324223239
WAYPOINT, -0.531242259188,-0.925844023744,1.53324223239
ODOM, -0.00753700004213,-1.01639615683,1.50287109315
WAYPOINT, -0.531242259188,-0.925844023744,1.53324223239
WAYPOINT, -0.531242259188,-0.925844023744,1.53324223239
WAYPOINT, -0.531242259188,-0.925844023744,1.53324223239
ODOM, -0.0549245616974,-1.00901737048,1.5065666317
WAYPOINT, -0.531242259188,-0.925844023744,1.53324223239
ODOM, -0.0779747986116,-1.00516572069,1.51417110755
WAYPOINT, -0.531242259188,-0.925844023744,1.53324223239
WAYPOINT, -0.531242259188,-0.925844023744,1.53324223239
ODOM, -0.11304656782,-1.00032014096,1.5186652324
WAYPOINT, -0.531242259188,-0.925844023744,1.53324223239
WAYPOINT, -0.531242259188,-0.925844023744,1.53324223239
ODOM, -0.147039470083,-0.996219109661,1.52161694027
WAYPOINT, -0.531242259188,-0.925844023744,1.53324223239
WAYPOINT, -0.531242259188,-0.925844023744,1.53324223239
ODOM, -0.179857277863,-0.992974778363,1.52868937713
WAYPOINT, -0.531242259188,-0.925844023744,1.53324223239
WAYPOINT, -0.531242259188,-0.925844023744,1.53324223239
ODOM, -0.221465782639,-0.989190031875,1.53360146886
WAYPOINT, -0.531242259188,-0.925844023744,1.53324223239
ODOM, -0.242421276045,-0.986898208233,1.53666016655
WAYPOINT, -0.531242259188,-0.925844023744,1.53324223239
WAYPOINT, -0.531242259188,-0.925844023744,1.53324223239
ODOM, -0.27317331724,-0.981874301405,1.52900816448
WAYPOINT, -0.531242259188,-0.925844023744,1.53324223239
WAYPOINT, -0.531242259188,-0.925844023744,1.53324223239
ODOM, -0.304418116155,-0.976745877904,1.53290942383
WAYPOINT, -0.531242259188,-0.925844023744,1.53324223239
WAYPOINT, -0.531242259188,-0.925844023744,1.53324223239
ODOM, -0.335133955492,-0.970671737302,1.53655344175
WAYPOINT, -0.531242259188,-0.925844023744,1.53324223239
WAYPOINT, -0.531242259188,-0.925844023744,1.53324223239
WAYPOINT, -0.531242259188,-0.925844023744,1.53324223239
ODOM, -0.373948697132,-0.963185905914,1.53962246837
WAYPOINT, -0.531242259188,-0.925844023744,1.53324223239
ODOM, -0.391966677479,-0.959315768523,1.5464273363
WAYPOINT, -0.531242259188,-0.925844023744,1.53324223239
WAYPOINT, -0.905265740579,-0.431193984606,1.61702416465
ODOM, -0.42335380524,-0.951195918378,1.55741164563
WAYPOINT, -0.905265740579,-0.431193984606,1.61702416465
WAYPOINT, -0.905265740579,-0.431193984606,1.61702416465
ODOM, -0.437890576933,-0.945961705294,1.56651728723
WAYPOINT, -0.905265740579,-0.431193984606,1.61702416465
WAYPOINT, -0.905265740579,-0.431193984606,1.61702416465
ODOM, -0.460875548306,-0.933962543714,1.57786119021
WAYPOINT, -0.905265740579,-0.431193984606,1.61702416465
WAYPOINT, -0.905265740579,-0.431193984606,1.61702416465
ODOM, -0.492489350154,-0.915625419548,1.59147261298
WAYPOINT, -0.905265740579,-0.431193984606,1.61702416465
ODOM, -0.509134269529,-0.903711007772,1.59700298521
WAYPOINT, -0.905265740579,-0.431193984606,1.61702416465
WAYPOINT, -0.905265740579,-0.431193984606,1.61702416465
WAYPOINT, -0.905265740579,-0.431193984606,1.61702416465
ODOM, -0.541517261622,-0.875887327754,1.61806626052
WAYPOINT, -0.905265740579,-0.431193984606,1.61702416465
ODOM, -0.557950541023,-0.860280260707,1.61900441821
WAYPOINT, -0.905265740579,-0.431193984606,1.61702416465
WAYPOINT, -0.905265740579,-0.431193984606,1.61702416465
ODOM, -0.583699696745,-0.834656242952,1.62151627565
WAYPOINT, -0.905265740579,-0.431193984606,1.61702416465
WAYPOINT, -0.905265740579,-0.431193984606,1.61702416465
ODOM, -0.617521999559,-0.799243783049,1.62627562694
WAYPOINT, -0.905265740579,-0.431193984606,1.61702416465
WAYPOINT, -0.905265740579,-0.431193984606,1.61702416465
ODOM, -0.6343339482,-0.780588556686,1.62803942735
WAYPOINT, -0.905265740579,-0.431193984606,1.61702416465
WAYPOINT, -0.905265740579,-0.431193984606,1.61702416465
ODOM, -0.667545776528,-0.744071700733,1.62934318601
WAYPOINT, -0.905265740579,-0.431193984606,1.61702416465
ODOM, -0.682860303711,-0.727156656268,1.62689895603
WAYPOINT, -0.905265740579,-0.431193984606,1.61702416465
WAYPOINT, -0.905265740579,-0.431193984606,1.61702416465
ODOM, -0.704042094032,-0.704235368765,1.6421068798
WAYPOINT, -0.905265740579,-0.431193984606,1.61702416465
WAYPOINT, -0.905265740579,-0.431193984606,1.61702416465
WAYPOINT, -0.905265740579,-0.431193984606,1.61702416465
ODOM, -0.732585343319,-0.672565395101,1.66043676258
WAYPOINT, -0.905265740579,-0.431193984606,1.61702416465
ODOM, -0.744375540527,-0.657278952958,1.66889002564
WAYPOINT, -0.905265740579,-0.431193984606,1.61702416465
WAYPOINT, -0.905265740579,-0.431193984606,1.61702416465
WAYPOINT, -0.905265740579,-0.431193984606,1.61702416465
ODOM, -0.767327138908,-0.624008995478,1.69806084411
WAYPOINT, -0.905265740579,-0.431193984606,1.61702416465
ODOM, -0.777711787987,-0.60592447997,1.70466309423
WAYPOINT, -0.905265740579,-0.431193984606,1.61702416465
WAYPOINT, -0.905265740579,-0.431193984606,1.61702416465
ODOM, -0.791917683279,-0.578961445992,1.70197843409
WAYPOINT, -0.905265740579,-0.431193984606,1.61702416465
WAYPOINT, -0.905265740579,-0.431193984606,1.61702416465
ODOM, -0.811285308671,-0.541453840763,1.6933754624
WAYPOINT, -0.905265740579,-0.431193984606,1.61702416465
WAYPOINT, -0.905265740579,-0.431193984606,1.61702416465
ODOM, -0.819989490494,-0.524585408762,1.68690815899
WAYPOINT, -0.905265740579,-0.431193984606,1.61702416465
WAYPOINT, -0.918865309939,0.188782717895,1.70090251759
ODOM, -0.83557487806,-0.490489768225,1.66877690693
WAYPOINT, -0.918865309939,0.188782717895,1.70090251759
ODOM, -0.842733823948,-0.474099381044,1.66933745941
WAYPOINT, -0.918865309939,0.188782717895,1.70090251759
WAYPOINT, -0.918865309939,0.188782717895,1.70090251759
ODOM, -0.853211422608,-0.447439992134,1.67196547356
WAYPOINT, -0.918865309939,0.188782717895,1.70090251759
WAYPOINT, -0.918865309939,0.188782717895,1.70090251759
WAYPOINT, -0.918865309939,0.188782717895,1.70090251759
ODOM, -0.866616173299,-0.406302939695,1.67150894493
WAYPOINT, -0.918865309939,0.188782717895,1.70090251759
ODOM, -0.872670392778,-0.385272780339,1.67571900791
WAYPOINT, -0.918865309939,0.188782717895,1.70090251759
WAYPOINT, -0.918865309939,0.188782717895,1.70090251759
ODOM, -0.883350316366,-0.337101163838,1.67880595259
WAYPOINT, -0.918865309939,0.188782717895,1.70090251759
WAYPOINT, -0.918865309939,0.188782717895,1.70090251759
ODOM, -0.888315830098,-0.313162184387,1.67876378003
WAYPOINT, -0.918865309939,0.188782717895,1.70090251759
WAYPOINT, -0.918865309939,0.188782717895,1.70090251759
ODOM, -0.894864991084,-0.275473920344,1.67977142213
WAYPOINT, -0.918865309939,0.188782717895,1.70090251759
WAYPOINT, -0.918865309939,0.188782717895,1.70090251759
ODOM, -0.903009483264,-0.222622863361,1.68350720829
WAYPOINT, -0.918865309939,0.188782717895,1.70090251759
ODOM, -0.907605342823,-0.196392618684,1.68505002557
WAYPOINT, -0.918865309939,0.188782717895,1.70090251759
WAYPOINT, -0.918865309939,0.188782717895,1.70090251759
WAYPOINT, -0.918865309939,0.188782717895,1.70090251759
ODOM, -0.916426937533,-0.146856220829,1.68542227267
WAYPOINT, -0.918865309939,0.188782717895,1.70090251759
ODOM, -0.921029319106,-0.121301779063,1.68718128453
WAYPOINT, -0.918865309939,0.188782717895,1.70090251759
WAYPOINT, -0.918865309939,0.188782717895,1.70090251759
ODOM, -0.926765955975,-0.0836441466784,1.68386839309
WAYPOINT, -0.918865309939,0.188782717895,1.70090251759
WAYPOINT, -0.918865309939,0.188782717895,1.70090251759
ODOM, -0.934217037544,-0.0365537868483,1.69276107877
WAYPOINT, -0.918865309939,0.188782717895,1.70090251759
WAYPOINT, -0.918865309939,0.188782717895,1.70090251759
ODOM, -0.937574622217,-0.0135819920923,1.69816444576
WAYPOINT, -0.918865309939,0.188782717895,1.70090251759
WAYPOINT, -0.918865309939,0.188782717895,1.70090251759
ODOM, -0.943655541888,0.0288973386944,1.70217520404
WAYPOINT, -0.918865309939,0.188782717895,1.70090251759
WAYPOINT, -0.918865309939,0.188782717895,1.70090251759
ODOM, -0.946749761254,0.0476096434114,1.70618260813
WAYPOINT, -0.918865309939,0.188782717895,1.70090251759
ODOM, -0.952082876632,0.0754194729377,1.70432649903
WAYPOINT, -0.567204707225,0.698494633753,1.79101478843
WAYPOINT, -0.567204707225,0.698494633753,1.79101478843
WAYPOINT, -0.567204707225,0.698494633753,1.79101478843
ODOM, -0.958004441787,0.110582848515,1.71097492518
WAYPOINT, -0.567204707225,0.698494633753,1.79101478843
ODOM, -0.958571938356,0.127151574707,1.72111801869
WAYPOINT, -0.567204707225,0.698494633753,1.79101478843
WAYPOINT, -0.567204707225,0.698494633753,1.79101478843
WAYPOINT, -0.567204707225,0.698494633753,1.79101478843
ODOM, -0.955225238225,0.164023800683,1.73476310555
WAYPOINT, -0.567204707225,0.698494633753,1.79101478843
ODOM, -0.952464451152,0.183355256589,1.74108037516
WAYPOINT, -0.567204707225,0.698494633753,1.79101478843
WAYPOINT, -0.567204707225,0.698494633753,1.79101478843
ODOM, -0.946237520559,0.213539247598,1.75232299438
WAYPOINT, -0.567204707225,0.698494633753,1.79101478843
WAYPOINT, -0.567204707225,0.698494633753,1.79101478843
ODOM, -0.935443059092,0.256878209563,1.76751946431
WAYPOINT, -0.567204707225,0.698494633753,1.79101478843
WAYPOINT, -0.567204707225,0.698494633753,1.79101478843
ODOM, -0.928686273061,0.280529799948,1.77018623048
WAYPOINT, -0.567204707225,0.698494633753,1.79101478843
WAYPOINT, -0.567204707225,0.698494633753,1.79101478843
ODOM, -0.914259223447,0.325060670318,1.77421743813
WAYPOINT, -0.567204707225,0.698494633753,1.79101478843
ODOM, -0.906592316694,0.346788294921,1.77588032837
WAYPOINT, -0.567204707225,0.698494633753,1.79101478843
WAYPOINT, -0.567204707225,0.698494633753,1.79101478843
ODOM, -0.894188240261,0.377906871636,1.78461714814
WAYPOINT, -0.567204707225,0.698494633753,1.79101478843
WAYPOINT, -0.567204707225,0.698494633753,1.79101478843
WAYPOINT, -0.567204707225,0.698494633753,1.79101478843
ODOM, -0.874939962378,0.418601355152,1.79377433763
WAYPOINT, -0.567204707225,0.698494633753,1.79101478843
ODOM, -0.864671882759,0.437985971683,1.79673500678
WAYPOINT, -0.567204707225,0.698494633753,1.79101478843
WAYPOINT, -0.567204707225,0.698494633753,1.79101478843
WAYPOINT, -0.567204707225,0.698494633753,1.79101478843
ODOM, -0.842592775403,0.478811297396,1.80403998063
WAYPOINT, -0.567204707225,0.698494633753,1.79101478843
ODOM, -0.831342614485,0.497404022911,1.80690534671
WAYPOINT, -0.567204707225,0.698494633753,1.79101478843
WAYPOINT, -0.567204707225,0.698494633753,1.79101478843
ODOM, -0.812092209463,0.523141074078,1.80812656551
WAYPOINT, -0.567204707225,0.698494633753,1.79101478843
WAYPOINT, -0.567204707225,0.698494633753,1.79101478843
ODOM, -0.784965326739,0.556714924696,1.81164668616
WAYPOINT, -0.567204707225,0.698494633753,1.79101478843
WAYPOINT, -0.567204707225,0.698494633753,1.79101478843
ODOM, -0.771482736492,0.57256810083,1.81273760222
WAYPOINT, -0.567204707225,0.698494633753,1.79101478843
WAYPOINT, -0.567204707225,0.698494633753,1.79101478843
ODOM, -0.744102664936,0.603412192905,1.81764769732
WAYPOINT, -0.567204707225,0.698494633753,1.79101478843
WAYPOINT, -0.567204707225,0.698494633753,1.79101478843
ODOM, -0.730391683307,0.619087356693,1.81803134784
WAYPOINT, -0.567204707225,0.698494633753,1.79101478843
ODOM, -0.710131626086,0.640796551082,1.821757681
WAYPOINT, -0.567204707225,0.698494633753,1.79101478843
WAYPOINT, -0.567204707225,0.698494633753,1.79101478843
WAYPOINT, -0.567204707225,0.698494633753,1.79101478843
ODOM, -0.678878010274,0.66885760136,1.82820408449
WAYPOINT, -0.567204707225,0.698494633753,1.79101478843
ODOM, -0.663810401982,0.682006346132,1.8293452741
WAYPOINT, 0.0151721002411,0.904426433512,1.89111966343
WAYPOINT, 0.0151721002411,0.904426433512,1.89111966343
WAYPOINT, 0.0151721002411,0.904426433512,1.89111966343
ODOM, -0.635620227454,0.70707068562,1.84343292384
WAYPOINT, 0.0151721002411,0.904426433512,1.89111966343
ODOM, -0.620121527575,0.71948992837,1.84650526942
WAYPOINT, 0.0151721002411,0.904426433512,1.89111966343
WAYPOINT, 0.0151721002411,0.904426433512,1.89111966343
ODOM, -0.594676153252,0.737684487528,1.85548770344
WAYPOINT, 0.0151721002411,0.904426433512,1.89111966343
WAYPOINT, 0.0151721002411,0.904426433512,1.89111966343
ODOM, -0.558664969228,0.761019725638,1.86907093603
WAYPOINT, 0.0151721002411,0.904426433512,1.89111966343
WAYPOINT, 0.0151721002411,0.904426433512,1.89111966343
ODOM, -0.538479817611,0.773064575816,1.86901142384
WAYPOINT, 0.0151721002411,0.904426433512,1.89111966343
WAYPOINT, 0.0151721002411,0.904426433512,1.89111966343
ODOM, -0.498432035853,0.795303170236,1.87234176395
WAYPOINT, 0.0151721002411,0.904426433512,1.89111966343
ODOM, -0.476023739583,0.806128171597,1.8743926985
WAYPOINT, 0.0151721002411,0.904426433512,1.89111966343
WAYPOINT, 0.0151721002411,0.904426433512,1.89111966343
ODOM, -0.440257594808,0.822611367525,1.87844049065
WAYPOINT, 0.0151721002411,0.904426433512,1.89111966343
WAYPOINT, 0.0151721002411,0.904426433512,1.89111966343
WAYPOINT, 0.0151721002411,0.904426433512,1.89111966343
ODOM, -0.390782206569,0.844606167472,1.88069445009
WAYPOINT, 0.0151721002411,0.904426433512,1.89111966343
ODOM, -0.367396612945,0.854620214539,1.88319880573
WAYPOINT, 0.0151721002411,0.904426433512,1.89111966343
WAYPOINT, 0.0151721002411,0.904426433512,1.89111966343
WAYPOINT, 0.0151721002411,0.904426433512,1.89111966343
ODOM, -0.319228598402,0.874174308885,1.8914417623
WAYPOINT, 0.0151721002411,0.904426433512,1.89111966343
WAYPOINT, 0.0151721002411,0.904426433512,1.89111966343
ODOM, -0.282781441698,0.888895472277,1.89141710381
WAYPOINT, 0.0151721002411,0.904426433512,1.89111966343
ODOM, -0.259256739883,0.897964821844,1.89222776247
WAYPOINT, 0.0151721002411,0.904426433512,1.89111966343
WAYPOINT, 0.0151721002411,0.904426433512,1.89111966343
ODOM, -0.212572663037,0.916671207929,1.89123043409
WAYPOINT, 0.0151721002411,0.904426433512,1.89111966343
WAYPOINT, 0.0151721002411,0.904426433512,1.89111966343
ODOM, -0.180087836633,0.929504814928,1.90026271344
WAYPOINT, 0.0151721002411,0.904426433512,1.89111966343
WAYPOINT, 0.0151721002411,0.904426433512,1.89111966343
ODOM, -0.148069498364,0.941994885155,1.90236433491
WAYPOINT, 0.0151721002411,0.904426433512,1.89111966343
WAYPOINT, 0.0151721002411,0.904426433512,1.89111966343
ODOM, -0.119649413526,0.95406340886,1.90363605843
WAYPOINT, 0.0151721002411,0.904426433512,1.89111966343
WAYPOINT, 0.0457416432324,-0.120858737449,0.917540790788
ODOM, -0.0929711543704,0.965156822786,1.92375660783
WAYPOINT, 0.0457416432324,-0.120858737449,0.917540790788
WAYPOINT, 0.0457416432324,-0.120858737449,0.917540790788
ODOM, -0.0661141254287,0.973160133347,1.8523673149
WAYPOINT, 0.0457416432324,-0.120858737449,0.917540790788
ODOM, -0.0478561152901,0.973038802263,1.79616510732
WAYPOINT, 0.0457416432324,-0.120858737449,0.917540790788
WAYPOINT, 0.0457416432324,-0.120858737449,0.917540790788
WAYPOINT, 0.0457416432324,-0.120858737449,0.917540790788
ODOM, -0.0154513951708,0.962658686566,1.69834693866
WAYPOINT, 0.0457416432324,-0.120858737449,0.917540790788
WAYPOINT, 0.0457416432324,-0.120858737449,0.917540790788
ODOM, 0.0103134944587,0.947366362009,1.62497307638
WAYPOINT, 0.0457416432324,-0.120858737449,0.917540790788
ODOM, 0.0356150464647,0.926267826815,1.5612992809
WAYPOINT, 0.0457416432324,-0.120858737449,0.917540790788
WAYPOINT, 0.0457416432324,-0.120858737449,0.917540790788
ODOM, 0.0627186507241,0.896047173949,1.49902631205
WAYPOINT, 0.0457416432324,-0.120858737449,0.917540790788
WAYPOINT, 0.0457416432324,-0.120858737449,0.917540790788
ODOM, 0.0896951134074,0.857157087933,1.4430134013
WAYPOINT, 0.0457416432324,-0.120858737449,0.917540790788
WAYPOINT, 0.0457416432324,-0.120858737449,0.917540790788
ODOM, 0.110287298904,0.807590916146,1.39337735234
WAYPOINT, 0.0457416432324,-0.120858737449,0.917540790788
ODOM, 0.121109699865,0.766076520477,1.35662004392
WAYPOINT, 0.0457416432324,-0.120858737449,0.917540790788
WAYPOINT, 0.0457416432324,-0.120858737449,0.917540790788
WAYPOINT, 0.0457416432324,-0.120858737449,0.917540790788
ODOM, 0.136804784833,0.674411670711,1.29932538718
WAYPOINT, 0.0457416432324,-0.120858737449,0.917540790788
WAYPOINT, 0.0457416432324,-0.120858737449,0.917540790788
ODOM, 0.144718980395,0.599306857015,1.2741986338
WAYPOINT, 0.0457416432324,-0.120858737449,0.917540790788
WAYPOINT, 0.0457416432324,-0.120858737449,0.917540790788
ODOM, 0.149923465226,0.522686483757,1.26629291928
WAYPOINT, 0.0457416432324,-0.120858737449,0.917540790788
WAYPOINT, 0.0457416432324,-0.120858737449,0.917540790788
ODOM, 0.153180556164,0.447750017434,1.27197128937
WAYPOINT, 0.0457416432324,-0.120858737449,0.917540790788
ODOM, 0.154512337071,0.388555948952,1.26788443507
WAYPOINT, 0.0457416432324,-0.120858737449,0.917540790788
WAYPOINT, 0.0457416432324,-0.120858737449,0.917540790788
ODOM, 0.154744672144,0.333726821667,1.273291961
WAYPOINT, 0.0457416432324,-0.120858737449,0.917540790788
WAYPOINT, 0.0457416432324,-0.120858737449,0.917540790788
ODOM, 0.154940770522,0.283271701777,1.27993145715
WAYPOINT, 0.0457416432324,-0.120858737449,0.917540790788
WAYPOINT, 0.0457416432324,-0.120858737449,0.917540790788
ODOM, 0.154973378223,0.233640089591,1.27742735138
WAYPOINT, 0.0457416432324,-0.120858737449,0.917540790788
WAYPOINT, 0.0457416432324,-0.120858737449,0.917540790788
ODOM, 0.153397005251,0.184498370903,1.27203434044
WAYPOINT, 0.0457416432324,-0.120858737449,0.917540790788
WAYPOINT, 0.0457416432324,-0.120858737449,0.917540790788
ODOM, 0.151060024555,0.138000874604,1.2697309128
WAYPOINT, 0.0457416432324,-0.120858737449,0.917540790788
WAYPOINT, 0.0457416432324,-0.120858737449,0.917540790788
ODOM, 0.147723686993,0.0908046272359,1.26214567835
WAYPOINT, 0.0457416432324,-0.120858737449,0.917540790788
WAYPOINT, 0.0457416432324,-0.120858737449,0.917540790788
ODOM, 0.144921353226,0.0522826082839,1.26166227011
WAYPOINT, 0.0457416432324,-0.120858737449,0.917540790788
WAYPOINT, 0.0457416432324,-0.120858737449,0.917540790788
ODOM, 0.141814421843,0.011442489559,1.25764370923
WAYPOINT, 0.0457416432324,-0.120858737449,0.917540790788
WAYPOINT, 0.0457416432324,-0.120858737449,0.917540790788
ODOM, 0.140004657625,-0.0271299552916,1.24896865193
WAYPOINT, 0.0457416432324,-0.120858737449,0.917540790788
ODOM, 0.139953141365,-0.0649372371887,1.25760887121
WAYPOINT, 0.0457416432324,-0.120858737449,0.917540790788
WAYPOINT, 0.0457416432324,-0.120858737449,0.917540790788
ODOM, 0.140157538789,-0.10049784903,1.24122545655
WAYPOINT, 0.0457416432324,-0.120858737449,0.917540790788
WAYPOINT, 0.0457416432324,-0.120858737449,0.917540790788
ODOM, 0.139314280018,-0.131495389805,1.23625684498
WAYPOINT, 0.0457416432324,-0.120858737449,0.917540790788
WAYPOINT, 0.0457416432324,-0.120858737449,0.917540790788
ODOM, 0.136167703279,-0.157512247142,1.23745098323
WAYPOINT, 0.0457416432324,-0.120858737449,0.917540790788
WAYPOINT, 0.0457416432324,-0.120858737449,0.917540790788
ODOM, 0.132081694699,-0.181838354123,1.22960815693
WAYPOINT, 0.0457416432324,-0.120858737449,0.917540790788
WAYPOINT, 0.0457416432324,-0.120858737449,0.917540790788
ODOM, 0.127022554453,-0.205064573754,1.21450485248
WAYPOINT, 0.0457416432324,-0.120858737449,0.917540790788
WAYPOINT, 0.0457416432324,-0.120858737449,0.917540790788
ODOM, 0.12117616198,-0.227707258201,1.2137750935
WAYPOINT, 0.0457416432324,-0.120858737449,0.917540790788
WAYPOINT, 0.0457416432324,-0.120858737449,0.917540790788
ODOM, 0.119742934073,-0.255796733876,1.19179945655
WAYPOINT, 0.0457416432324,-0.120858737449,0.917540790788
ODOM, 0.123434681457,-0.281806959623,1.17194391511
WAYPOINT, 0.0457416432324,-0.120858737449,0.917540790788
ODOM, 0.140923817649,-0.318055057805,1.10086985747
ODOM, 0.211850266998,-0.387075097019,1.19101648157
ODOM, 0.360989341632,-0.46133152035,1.21150946734
ODOM, 0.397124715435,-0.452711010573,1.25151209962
ODOM, 0.397124715435,-0.452711010573,1.25151209962
ODOM, 0.397124715435,-0.452711010573,1.25151209962
ODOM, 0.397124715435,-0.452711010573,1.25151209962
ODOM, 0.397124715435,-0.452711010573,1.25151209962
ODOM, 0.397124715435,-0.452711010573,1.25151209962
ODOM, 0.397124715435,-0.452711010573,1.25151209962
ODOM, 0.397124715435,-0.452711010573,1.25151209962
ODOM, 0.397124715435,-0.452711010573,1.25151209962
ODOM, 0.397124715435,-0.452711010573,1.25151209962
ODOM, 0.397124715435,-0.452711010573,1.25151209962